44
armadillo 0.00 -0.11 -0.11 -0.16 -0.16 -0.16 -0.11 -0.11 -0.15 -0.18 -0.15 -0.11 -0.11 -0.42 -0.12 -0.11 -0.11 -0.12 -0.13 -0.16 -0.11 -0.11 -0.11 -0.10 -0.15 -0.17 -0.13 -0.16 -0.18 -0.15 -0.11 -0.19 -0.25 -0.13 -0.14 -0.13 -0.12 -0.16 -0.18 -0.11 -0.22 -0.43 -0.14 -0.17
baboon -0.11 0.00 -0.14 -0.19 -0.07 -0.09 -0.08 -0.14 -0.10 -0.10 -0.09 -0.16 -0.16 -0.34 -0.15 -0.09 -0.09 -0.15 -0.15 -0.11 -0.09 -0.14 -0.06 -0.07 -0.10 -0.16 -0.12 -0.09 -0.12 -0.07 -0.11 -0.10 -0.24 -0.17 -0.18 -0.18 -0.14 -0.15 -0.08 -0.15 -0.19 -0.34 -0.06 -0.15
cat -0.11 -0.14 0.00 -0.19 -0.12 -0.05 -0.14 -0.14 -0.09 -0.10 -0.12 -0.15 -0.13 -0.34 -0.16 -0.15 -0.15 -0.16 -0.16 -0.11 -0.14 -0.15 -0.14 -0.11 -0.10 -0.17 -0.14 -0.09 -0.12 -0.12 -0.14 -0.10 -0.24 -0.16 -0.19 -0.17 -0.15 -0.16 -0.11 -0.15 -0.19 -0.34 -0.12 -0.16
chicken -0.16 -0.19 -0.19 0.00 -0.17 -0.14 -0.19 -0.19 -0.12 -0.15 -0.17 -0.19 -0.20 -0.34 -0.20 -0.20 -0.19 -0.20 -0.21 -0.16 -0.19 -0.20 -0.19 -0.16 -0.11 -0.20 -0.19 -0.13 -0.14 -0.18 -0.19 -0.15 -0.26 -0.20 -0.21 -0.21 -0.20 -0.20 -0.15 -0.19 -0.22 -0.35 -0.17 -0.19
chimp -0.16 -0.07 -0.12 -0.17 0.00 -0.14 -0.07 -0.12 -0.13 -0.15 -0.14 -0.12 -0.12 -0.42 -0.12 -0.07 -0.05 -0.12 -0.13 -0.16 -0.05 -0.11 -0.07 -0.08 -0.13 -0.18 -0.14 -0.13 -0.16 -0.08 -0.08 -0.16 -0.27 -0.13 -0.16 -0.15 -0.13 -0.18 -0.13 -0.11 -0.25 -0.42 -0.11 -0.18
clouded_leopard -0.16 -0.09 -0.05 -0.14 -0.14 0.00 -0.09 -0.09 -0.17 -0.17 -0.13 -0.09 -0.08 -0.37 -0.09 -0.10 -0.10 -0.10 -0.12 -0.14 -0.09 -0.09 -0.09 -0.09 -0.17 -0.14 -0.11 -0.17 -0.21 -0.13 -0.09 -0.15 -0.20 -0.10 -0.11 -0.10 -0.10 -0.13 -0.17 -0.10 -0.17 -0.38 -0.12 -0.15
colobus_monkey -0.11 -0.08 -0.14 -0.19 -0.07 -0.09 0.00 -0.14 -0.09 -0.10 -0.09 -0.16 -0.16 -0.33 -0.15 -0.09 -0.09 -0.15 -0.16 -0.10 -0.09 -0.15 -0.08 -0.07 -0.10 -0.16 -0.12 -0.08 -0.12 -0.07 -0.11 -0.10 -0.23 -0.17 -0.18 -0.18 -0.14 -0.15 -0.08 -0.15 -0.19 -0.34 -0.06 -0.15
cow -0.11 -0.14 -0.14 -0.19 -0.12 -0.09 -0.14 0.00 -0.09 -0.11 -0.12 -0.15 -0.15 -0.33 -0.16 -0.15 -0.15 -0.16 -0.17 -0.11 -0.14 -0.15 -0.14 -0.11 -0.11 -0.17 -0.14 -0.06 -0.13 -0.12 -0.14 -0.10 -0.23 -0.16 -0.18 -0.17 -0.09 -0.15 -0.11 -0.15 -0.18 -0.33 -0.12 -0.16
cpbat -0.15 -0.10 -0.09 -0.12 -0.13 -0.17 -0.09 -0.09 0.00 -0.16 -0.13 -0.09 -0.10 -0.37 -0.10 -0.10 -0.10 -0.10 -0.11 -0.13 -0.10 -0.09 -0.10 -0.09 -0.20 -0.13 -0.11 -0.19 -0.22 -0.13 -0.10 -0.14 -0.19 -0.10 -0.11 -0.10 -0.10 -0.12 -0.16 -0.10 -0.17 -0.37 -0.12 -0.14
dog -0.18 -0.10 -0.10 -0.15 -0.15 -0.17 -0.10 -0.11 -0.16 0.00 -0.15 -0.10 -0.10 -0.36 -0.10 -0.11 -0.11 -0.12 -0.14 -0.15 -0.11 -0.10 -0.10 -0.10 -0.17 -0.15 -0.12 -0.17 -0.21 -0.14 -0.11 -0.16 -0.20 -0.11 -0.13 -0.11 -0.11 -0.13 -0.17 -0.11 -0.18 -0.37 -0.14 -0.17
dusky_titi -0.15 -0.09 -0.12 -0.17 -0.14 -0.13 -0.09 -0.12 -0.13 -0.15 0.00 -0.12 -0.12 -0.39 -0.13 -0.09 -0.09 -0.13 -0.14 -0.16 -0.08 -0.11 -0.09 -0.07 -0.12 -0.17 -0.14 -0.12 -0.15 -0.14 -0.07 -0.15 -0.27 -0.14 -0.15 -0.14 -0.13 -0.18 -0.12 -0.12 -0.24 -0.39 -0.13 -0.19
elephant -0.11 -0.16 -0.15 -0.19 -0.12 -0.09 -0.16 -0.15 -0.09 -0.10 -0.12 0.00 -0.16 -0.30 -0.16 -0.15 -0.15 -0.16 -0.17 -0.11 -0.15 -0.15 -0.16 -0.12 -0.10 -0.16 -0.13 -0.08 -0.12 -0.12 -0.15 -0.11 -0.21 -0.16 -0.18 -0.17 -0.14 -0.14 -0.11 -0.16 -0.16 -0.30 -0.12 -0.16
ferret -0.11 -0.16 -0.13 -0.20 -0.12 -0.08 -0.16 -0.15 -0.10 -0.10 -0.12 -0.16 0.00 -0.32 -0.17 -0.15 -0.16 -0.16 -0.17 -0.11 -0.16 -0.16 -0.16 -0.11 -0.11 -0.17 -0.14 -0.09 -0.13 -0.13 -0.16 -0.10 -0.23 -0.17 -0.19 -0.17 -0.15 -0.15 -0.11 -0.16 -0.18 -0.32 -0.13 -0.17
fugu -0.42 -0.34 -0.34 -0.34 -0.42 -0.37 -0.33 -0.33 -0.37 -0.36 -0.39 -0.30 -0.32 0.00 -0.30 -0.36 -0.34 -0.33 -0.40 -0.40 -0.34 -0.30 -0.34 -0.32 -0.37 -0.34 -0.34 -0.36 -0.41 -0.40 -0.34 -0.41 -0.25 -0.29 -0.30 -0.26 -0.33 -0.32 -0.41 -0.34 -0.28 -0.17 -0.38 -0.41
galago -0.12 -0.15 -0.16 -0.20 -0.12 -0.09 -0.15 -0.16 -0.10 -0.10 -0.13 -0.16 -0.17 -0.30 0.00 -0.15 -0.16 -0.17 -0.19 -0.12 -0.15 -0.14 -0.15 -0.12 -0.11 -0.16 -0.13 -0.09 -0.13 -0.13 -0.16 -0.11 -0.21 -0.16 -0.19 -0.17 -0.16 -0.15 -0.11 -0.16 -0.17 -0.30 -0.13 -0.17
gibbon -0.11 -0.09 -0.15 -0.20 -0.07 -0.10 -0.09 -0.15 -0.10 -0.11 -0.09 -0.15 -0.15 -0.36 -0.15 0.00 -0.08 -0.15 -0.17 -0.11 -0.07 -0.14 -0.09 -0.09 -0.10 -0.18 -0.14 -0.09 -0.12 -0.08 -0.11 -0.11 -0.25 -0.17 -0.19 -0.18 -0.15 -0.16 -0.09 -0.14 -0.21 -0.36 -0.08 -0.16
gorilla -0.11 -0.09 -0.15 -0.19 -0.05 -0.10 -0.09 -0.15 -0.10 -0.11 -0.09 -0.15 -0.16 -0.34 -0.16 -0.08 0.00 -0.15 -0.16 -0.11 -0.06 -0.14 -0.09 -0.08 -0.10 -0.17 -0.13 -0.09 -0.12 -0.06 -0.11 -0.10 -0.24 -0.17 -0.19 -0.18 -0.15 -0.15 -0.08 -0.14 -0.20 -0.35 -0.08 -0.16
guinea_pig -0.12 -0.15 -0.16 -0.20 -0.12 -0.10 -0.15 -0.16 -0.10 -0.12 -0.13 -0.16 -0.16 -0.33 -0.17 -0.15 -0.15 0.00 -0.17 -0.12 -0.15 -0.16 -0.15 -0.12 -0.11 -0.16 -0.15 -0.10 -0.13 -0.13 -0.16 -0.12 -0.23 -0.17 -0.19 -0.18 -0.16 -0.16 -0.11 -0.16 -0.19 -0.33 -0.13 -0.16
heagehog -0.13 -0.15 -0.16 -0.21 -0.13 -0.12 -0.16 -0.17 -0.11 -0.14 -0.14 -0.17 -0.17 -0.40 -0.19 -0.17 -0.16 -0.17 0.00 -0.14 -0.15 -0.18 -0.15 -0.13 -0.11 -0.19 -0.17 -0.11 -0.13 -0.14 -0.16 -0.13 -0.28 -0.19 -0.20 -0.21 -0.17 -0.18 -0.13 -0.16 -0.24 -0.40 -0.14 -0.17
horse -0.16 -0.11 -0.11 -0.16 -0.16 -0.14 -0.10 -0.11 -0.13 -0.15 -0.16 -0.11 -0.11 -0.40 -0.12 -0.11 -0.11 -0.12 -0.14 0.00 -0.11 -0.10 -0.11 -0.10 -0.14 -0.16 -0.13 -0.12 -0.17 -0.15 -0.11 -0.16 -0.25 -0.12 -0.14 -0.13 -0.11 -0.16 -0.16 -0.12 -0.22 -0.40 -0.14 -0.18
human -0.11 -0.09 -0.14 -0.19 -0.05 -0.09 -0.09 -0.14 -0.10 -0.11 -0.08 -0.15 -0.16 -0.34 -0.15 -0.07 -0.06 -0.15 -0.15 -0.11 0.00 -0.14 -0.09 -0.07 -0.10 -0.16 -0.12 -0.09 -0.12 -0.06 -0.11 -0.10 -0.24 -0.17 -0.18 -0.18 -0.14 -0.15 -0.08 -0.15 -0.19 -0.34 -0.07 -0.15
lemur -0.11 -0.14 -0.15 -0.20 -0.11 -0.09 -0.15 -0.15 -0.09 -0.10 -0.11 -0.15 -0.16 -0.30 -0.14 -0.14 -0.14 -0.16 -0.18 -0.10 -0.14 0.00 -0.15 -0.11 -0.11 -0.16 -0.09 -0.09 -0.13 -0.11 -0.15 -0.11 -0.21 -0.16 -0.18 -0.17 -0.15 -0.14 -0.10 -0.16 -0.17 -0.31 -0.11 -0.16
macaque -0.11 -0.06 -0.14 -0.19 -0.07 -0.09 -0.08 -0.14 -0.10 -0.10 -0.09 -0.16 -0.16 -0.34 -0.15 -0.09 -0.09 -0.15 -0.15 -0.11 -0.09 -0.15 0.00 -0.07 -0.10 -0.16 -0.13 -0.09 -0.12 -0.07 -0.11 -0.10 -0.24 -0.17 -0.18 -0.18 -0.14 -0.15 -0.08 -0.15 -0.19 -0.34 -0.06 -0.15
marmoset -0.10 -0.07 -0.11 -0.16 -0.08 -0.09 -0.07 -0.11 -0.09 -0.10 -0.07 -0.12 -0.11 -0.32 -0.12 -0.09 -0.08 -0.12 -0.13 -0.10 -0.07 -0.11 -0.07 0.00 -0.10 -0.15 -0.12 -0.08 -0.11 -0.08 -0.05 -0.09 -0.23 -0.13 -0.15 -0.14 -0.12 -0.14 -0.07 -0.11 -0.18 -0.33 -0.08 -0.14
monodelphis -0.15 -0.10 -0.10 -0.11 -0.13 -0.17 -0.10 -0.11 -0.20 -0.17 -0.12 -0.10 -0.11 -0.37 -0.11 -0.10 -0.10 -0.11 -0.11 -0.14 -0.10 -0.11 -0.10 -0.10 0.00 -0.13 -0.12 -0.18 -0.11 -0.12 -0.10 -0.15 -0.19 -0.12 -0.12 -0.12 -0.11 -0.13 -0.16 -0.11 -0.19 -0.38 -0.12 -0.09
mouse -0.17 -0.16 -0.17 -0.20 -0.18 -0.14 -0.16 -0.17 -0.13 -0.15 -0.17 -0.16 -0.17 -0.34 -0.16 -0.18 -0.17 -0.16 -0.19 -0.16 -0.16 -0.16 -0.16 -0.15 -0.13 0.00 -0.19 -0.13 -0.15 -0.18 -0.16 -0.16 -0.25 -0.16 -0.12 -0.17 -0.17 -0.19 -0.16 -0.16 -0.21 -0.34 -0.18 -0.21
mouse_lemur -0.13 -0.12 -0.14 -0.19 -0.14 -0.11 -0.12 -0.14 -0.11 -0.12 -0.14 -0.13 -0.14 -0.34 -0.13 -0.14 -0.13 -0.15 -0.17 -0.13 -0.12 -0.09 -0.13 -0.12 -0.12 -0.19 0.00 -0.10 -0.14 -0.14 -0.13 -0.13 -0.25 -0.15 -0.17 -0.15 -0.14 -0.17 -0.12 -0.14 -0.20 -0.35 -0.15 -0.19
muntjak_indian -0.16 -0.09 -0.09 -0.13 -0.13 -0.17 -0.08 -0.06 -0.19 -0.17 -0.12 -0.08 -0.09 -0.36 -0.09 -0.09 -0.09 -0.10 -0.11 -0.12 -0.09 -0.09 -0.09 -0.08 -0.18 -0.13 -0.10 0.00 -0.23 -0.12 -0.09 -0.14 -0.19 -0.10 -0.11 -0.10 -0.06 -0.12 -0.16 -0.10 -0.17 -0.37 -0.11 -0.14
oppssum -0.18 -0.12 -0.12 -0.14 -0.16 -0.21 -0.12 -0.13 -0.22 -0.21 -0.15 -0.12 -0.13 -0.41 -0.13 -0.12 -0.12 -0.13 -0.13 -0.17 -0.12 -0.13 -0.12 -0.11 -0.11 -0.15 -0.14 -0.23 0.00 -0.15 -0.12 -0.19 -0.22 -0.13 -0.14 -0.14 -0.13 -0.16 -0.19 -0.12 -0.22 -0.41 -0.15 -0.11
orangatun -0.15 -0.07 -0.12 -0.18 -0.08 -0.13 -0.07 -0.12 -0.13 -0.14 -0.14 -0.12 -0.13 -0.40 -0.13 -0.08 -0.06 -0.13 -0.14 -0.15 -0.06 -0.11 -0.07 -0.08 -0.12 -0.18 -0.14 -0.12 -0.15 0.00 -0.09 -0.15 -0.28 -0.14 -0.16 -0.15 -0.13 -0.19 -0.12 -0.12 -0.25 -0.41 -0.11 -0.19
owl_monkey -0.11 -0.11 -0.14 -0.19 -0.08 -0.09 -0.11 -0.14 -0.10 -0.11 -0.07 -0.15 -0.16 -0.34 -0.16 -0.11 -0.11 -0.16 -0.16 -0.11 -0.11 -0.15 -0.11 -0.05 -0.10 -0.16 -0.13 -0.09 -0.12 -0.09 0.00 -0.10 -0.24 -0.17 -0.18 -0.18 -0.14 -0.15 -0.07 -0.15 -0.19 -0.34 -0.09 -0.15
pig -0.19 -0.10 -0.10 -0.15 -0.16 -0.15 -0.10 -0.10 -0.14 -0.16 -0.15 -0.11 -0.10 -0.41 -0.11 -0.11 -0.10 -0.12 -0.13 -0.16 -0.10 -0.11 -0.10 -0.09 -0.15 -0.16 -0.13 -0.14 -0.19 -0.15 -0.10 0.00 -0.24 -0.12 -0.14 -0.12 -0.10 -0.16 -0.17 -0.11 -0.22 -0.42 -0.14 -0.17
platypus -0.25 -0.24 -0.24 -0.26 -0.27 -0.20 -0.23 -0.23 -0.19 -0.20 -0.27 -0.21 -0.23 -0.25 -0.21 -0.25 -0.24 -0.23 -0.28 -0.25 -0.24 -0.21 -0.24 -0.23 -0.19 -0.25 -0.25 -0.19 -0.22 -0.28 -0.24 -0.24 0.00 -0.21 -0.22 -0.19 -0.23 -0.24 -0.24 -0.24 -0.21 -0.26 -0.27 -0.29
rabbit -0.13 -0.17 -0.16 -0.20 -0.13 -0.10 -0.17 -0.16 -0.10 -0.11 -0.14 -0.16 -0.17 -0.29 -0.16 -0.17 -0.17 -0.17 -0.19 -0.12 -0.17 -0.16 -0.17 -0.13 -0.12 -0.16 -0.15 -0.10 -0.13 -0.14 -0.17 -0.12 -0.21 0.00 -0.18 -0.17 -0.16 -0.15 -0.12 -0.17 -0.16 -0.29 -0.14 -0.18
rat -0.14 -0.18 -0.19 -0.21 -0.16 -0.11 -0.18 -0.18 -0.11 -0.13 -0.15 -0.18 -0.19 -0.30 -0.19 -0.19 -0.19 -0.19 -0.20 -0.14 -0.18 -0.18 -0.18 -0.15 -0.12 -0.12 -0.17 -0.11 -0.14 -0.16 -0.18 -0.14 -0.22 -0.18 0.00 -0.19 -0.18 -0.16 -0.13 -0.18 -0.18 -0.30 -0.16 -0.19
rfbat -0.13 -0.18 -0.17 -0.21 -0.15 -0.10 -0.18 -0.17 -0.10 -0.11 -0.14 -0.17 -0.17 -0.26 -0.17 -0.18 -0.18 -0.18 -0.21 -0.13 -0.18 -0.17 -0.18 -0.14 -0.12 -0.17 -0.15 -0.10 -0.14 -0.15 -0.18 -0.12 -0.19 -0.17 -0.19 0.00 -0.17 -0.15 -0.13 -0.19 -0.15 -0.26 -0.15 -0.19
sheep -0.12 -0.14 -0.15 -0.20 -0.13 -0.10 -0.14 -0.09 -0.10 -0.11 -0.13 -0.14 -0.15 -0.33 -0.16 -0.15 -0.15 -0.16 -0.17 -0.11 -0.14 -0.15 -0.14 -0.12 -0.11 -0.17 -0.14 -0.06 -0.13 -0.13 -0.14 -0.10 -0.23 -0.16 -0.18 -0.17 0.00 -0.15 -0.12 -0.15 -0.19 -0.33 -0.13 -0.17
shrew -0.16 -0.15 -0.16 -0.20 -0.18 -0.13 -0.15 -0.15 -0.12 -0.13 -0.18 -0.14 -0.15 -0.32 -0.15 -0.16 -0.15 -0.16 -0.18 -0.16 -0.15 -0.14 -0.15 -0.14 -0.13 -0.19 -0.17 -0.12 -0.16 -0.19 -0.15 -0.16 -0.24 -0.15 -0.16 -0.15 -0.15 0.00 -0.15 -0.15 -0.19 -0.32 -0.19 -0.22
squirrel_monkey -0.18 -0.08 -0.11 -0.15 -0.13 -0.17 -0.08 -0.11 -0.16 -0.17 -0.12 -0.11 -0.11 -0.41 -0.11 -0.09 -0.08 -0.11 -0.13 -0.16 -0.08 -0.10 -0.08 -0.07 -0.16 -0.16 -0.12 -0.16 -0.19 -0.12 -0.07 -0.17 -0.24 -0.12 -0.13 -0.13 -0.12 -0.15 0.00 -0.11 -0.21 -0.42 -0.11 -0.17
st_squirrel -0.11 -0.15 -0.15 -0.19 -0.11 -0.10 -0.15 -0.15 -0.10 -0.11 -0.12 -0.16 -0.16 -0.34 -0.16 -0.14 -0.14 -0.16 -0.16 -0.12 -0.15 -0.16 -0.15 -0.11 -0.11 -0.16 -0.14 -0.10 -0.12 -0.12 -0.15 -0.11 -0.24 -0.17 -0.18 -0.19 -0.15 -0.15 -0.11 0.00 -0.19 -0.34 -0.12 -0.16
tenrec -0.22 -0.19 -0.19 -0.22 -0.25 -0.17 -0.19 -0.18 -0.17 -0.18 -0.24 -0.16 -0.18 -0.28 -0.17 -0.21 -0.20 -0.19 -0.24 -0.22 -0.19 -0.17 -0.19 -0.18 -0.19 -0.21 -0.20 -0.17 -0.22 -0.25 -0.19 -0.22 -0.21 -0.16 -0.18 -0.15 -0.19 -0.19 -0.21 -0.19 0.00 -0.28 -0.23 -0.27
tetra -0.43 -0.34 -0.34 -0.35 -0.42 -0.38 -0.34 -0.33 -0.37 -0.37 -0.39 -0.30 -0.32 -0.17 -0.30 -0.36 -0.35 -0.33 -0.40 -0.40 -0.34 -0.31 -0.34 -0.33 -0.38 -0.34 -0.35 -0.37 -0.41 -0.41 -0.34 -0.42 -0.26 -0.29 -0.30 -0.26 -0.33 -0.32 -0.42 -0.34 -0.28 0.00 -0.38 -0.41
vervet -0.14 -0.06 -0.12 -0.17 -0.11 -0.12 -0.06 -0.12 -0.12 -0.14 -0.13 -0.12 -0.13 -0.38 -0.13 -0.08 -0.08 -0.13 -0.14 -0.14 -0.07 -0.11 -0.06 -0.08 -0.12 -0.18 -0.15 -0.11 -0.15 -0.11 -0.09 -0.14 -0.27 -0.14 -0.16 -0.15 -0.13 -0.19 -0.11 -0.12 -0.23 -0.38 0.00 -0.20
wallaby -0.17 -0.15 -0.16 -0.19 -0.18 -0.15 -0.15 -0.16 -0.14 -0.17 -0.19 -0.16 -0.17 -0.41 -0.17 -0.16 -0.16 -0.16 -0.17 -0.18 -0.15 -0.16 -0.15 -0.14 -0.09 -0.21 -0.19 -0.14 -0.11 -0.19 -0.15 -0.17 -0.29 -0.18 -0.19 -0.19 -0.17 -0.22 -0.17 -0.16 -0.27 -0.41 -0.20 0.00