44
armadillo 0.00 0.00 0.00 0.00 0.00 0.00 0.00 0.00 0.00 0.00 0.00 0.00 0.00 0.00 0.00 0.00 0.00 0.00 0.00 0.00 0.00 0.00 0.00 0.00 0.00 0.00 0.00 0.00 0.00 0.00 0.00 0.00 0.00 0.00 1.00 0.00 0.00 0.00 0.00 0.00 0.00 0.00 0.00 0.00
baboon 0.00 0.00 0.00 0.00 1.00 0.00 0.00 0.00 0.00 0.00 0.00 1.00 0.00 0.00 0.00 1.00 1.00 0.00 0.00 0.00 1.00 0.00 1.00 0.00 1.00 1.00 1.00 0.00 1.00 1.00 0.00 0.00 0.00 0.00 0.00 0.00 0.00 0.00 0.00 0.00 0.00 0.00 0.00 1.00
cat 0.00 0.00 0.00 0.00 1.00 0.00 0.00 0.00 0.00 0.00 0.00 1.00 0.00 0.00 0.00 1.00 1.00 0.00 0.00 0.00 1.00 0.00 1.00 0.00 1.00 2.00 1.00 0.00 1.00 1.00 0.00 0.00 0.00 0.00 0.00 0.00 0.00 0.00 0.00 0.00 0.00 0.00 0.00 1.00
chicken 0.00 0.00 0.00 0.00 0.00 0.00 0.00 0.00 0.00 0.00 0.00 1.00 0.00 0.00 0.00 0.00 0.00 0.00 0.00 0.00 0.00 0.00 1.00 0.00 0.00 0.00 0.00 0.00 0.00 0.00 0.00 0.00 0.00 0.00 0.00 0.00 0.00 0.00 0.00 0.00 0.00 0.00 0.00 0.00
chimp 0.00 1.00 1.00 0.00 0.00 1.00 1.00 0.00 0.00 0.00 1.00 1.00 0.00 0.00 0.00 0.00 0.00 0.00 0.00 0.00 0.00 0.00 1.00 0.00 1.00 1.00 1.00 0.00 1.00 0.00 1.00 0.00 0.00 1.00 1.00 0.00 0.00 1.00 0.00 0.00 0.00 0.00 1.00 1.00
clouded_leopard 0.00 0.00 0.00 0.00 1.00 0.00 0.00 0.00 0.00 0.00 0.00 1.00 0.00 0.00 0.00 1.00 1.00 0.00 0.00 0.00 1.00 0.00 1.00 0.00 1.00 2.00 1.00 0.00 1.00 1.00 0.00 0.00 0.00 0.00 0.00 0.00 0.00 0.00 0.00 0.00 0.00 0.00 0.00 1.00
colobus_monkey 0.00 0.00 0.00 0.00 1.00 0.00 0.00 0.00 0.00 0.00 0.00 1.00 0.00 0.00 0.00 1.00 1.00 0.00 0.00 0.00 1.00 0.00 1.00 0.00 1.00 2.00 1.00 0.00 1.00 1.00 0.00 0.00 0.00 0.00 0.00 0.00 0.00 0.00 0.00 0.00 0.00 0.00 0.00 1.00
cow 0.00 0.00 0.00 0.00 0.00 0.00 0.00 0.00 0.00 0.00 0.00 0.00 0.00 0.00 0.00 0.00 0.00 0.00 0.00 0.00 0.00 0.00 0.00 0.00 0.00 1.00 1.00 0.00 0.00 0.00 0.00 0.00 0.00 0.00 1.00 0.00 0.00 0.00 0.00 0.00 0.00 0.00 0.00 0.00
cpbat 0.00 0.00 0.00 0.00 0.00 0.00 0.00 0.00 0.00 0.00 0.00 0.00 0.00 0.00 0.00 0.00 0.00 0.00 0.00 0.00 0.00 0.00 0.00 0.00 0.00 0.00 1.00 0.00 0.00 0.00 0.00 0.00 0.00 0.00 0.00 0.00 0.00 0.00 0.00 0.00 0.00 0.00 0.00 0.00
dog 0.00 0.00 0.00 0.00 0.00 0.00 0.00 0.00 0.00 0.00 0.00 0.00 0.00 0.00 0.00 0.00 0.00 0.00 0.00 0.00 0.00 0.00 0.00 0.00 0.00 1.00 1.00 0.00 0.00 0.00 0.00 0.00 0.00 0.00 0.00 0.00 0.00 0.00 0.00 0.00 0.00 0.00 0.00 0.00
dusky_titi 0.00 0.00 0.00 0.00 1.00 0.00 0.00 0.00 0.00 0.00 0.00 0.00 0.00 0.00 0.00 1.00 1.00 0.00 0.00 0.00 1.00 0.00 0.00 0.00 1.00 1.00 0.00 0.00 1.00 1.00 0.00 0.00 0.00 0.00 0.00 0.00 0.00 0.00 0.00 0.00 0.00 0.00 0.00 1.00
elephant 0.00 1.00 1.00 1.00 1.00 1.00 1.00 0.00 0.00 0.00 0.00 0.00 1.00 0.00 1.00 2.00 1.00 1.00 1.00 0.00 1.00 1.00 0.00 0.00 2.00 1.00 2.00 0.00 2.00 1.00 0.00 0.00 1.00 1.00 0.00 1.00 0.00 0.00 0.00 2.00 0.00 0.00 1.00 2.00
ferret 0.00 0.00 0.00 0.00 0.00 0.00 0.00 0.00 0.00 0.00 0.00 1.00 0.00 0.00 0.00 0.00 0.00 0.00 0.00 0.00 0.00 0.00 1.00 0.00 0.00 1.00 1.00 0.00 0.00 0.00 0.00 0.00 0.00 0.00 0.00 0.00 0.00 0.00 0.00 0.00 0.00 0.00 0.00 0.00
fugu 0.00 0.00 0.00 0.00 0.00 0.00 0.00 0.00 0.00 0.00 0.00 0.00 0.00 0.00 0.00 0.00 0.00 0.00 0.00 0.00 0.00 0.00 0.00 0.00 0.00 0.00 0.00 0.00 0.00 0.00 0.00 0.00 0.00 0.00 0.00 0.00 0.00 0.00 0.00 0.00 0.00 3.00 0.00 0.00
galago 0.00 0.00 0.00 0.00 0.00 0.00 0.00 0.00 0.00 0.00 0.00 1.00 0.00 0.00 0.00 0.00 0.00 0.00 0.00 0.00 0.00 0.00 1.00 0.00 0.00 1.00 1.00 0.00 0.00 0.00 0.00 0.00 0.00 0.00 0.00 0.00 0.00 0.00 0.00 0.00 0.00 0.00 0.00 0.00
gibbon 0.00 1.00 1.00 0.00 0.00 1.00 1.00 0.00 0.00 0.00 1.00 2.00 0.00 0.00 0.00 0.00 0.00 0.00 0.00 0.00 0.00 0.00 2.00 0.00 1.00 1.00 1.00 0.00 1.00 0.00 1.00 0.00 0.00 1.00 1.00 0.00 0.00 1.00 0.00 0.00 0.00 0.00 1.00 1.00
gorilla 0.00 1.00 1.00 0.00 0.00 1.00 1.00 0.00 0.00 0.00 1.00 1.00 0.00 0.00 0.00 0.00 0.00 0.00 0.00 0.00 0.00 0.00 1.00 0.00 1.00 1.00 1.00 0.00 1.00 0.00 1.00 0.00 0.00 1.00 1.00 0.00 0.00 1.00 0.00 0.00 0.00 0.00 1.00 1.00
guinea_pig 0.00 0.00 0.00 0.00 0.00 0.00 0.00 0.00 0.00 0.00 0.00 1.00 0.00 0.00 0.00 0.00 0.00 0.00 0.00 0.00 0.00 0.00 1.00 0.00 0.00 1.00 1.00 0.00 0.00 0.00 0.00 0.00 0.00 0.00 1.00 0.00 0.00 0.00 0.00 0.00 0.00 0.00 0.00 0.00
heagehog 0.00 0.00 0.00 0.00 0.00 0.00 0.00 0.00 0.00 0.00 0.00 1.00 0.00 0.00 0.00 0.00 0.00 0.00 0.00 0.00 0.00 0.00 1.00 0.00 0.00 1.00 0.00 0.00 0.00 0.00 0.00 0.00 0.00 0.00 0.00 0.00 0.00 0.00 0.00 0.00 0.00 0.00 0.00 0.00
horse 0.00 0.00 0.00 0.00 0.00 0.00 0.00 0.00 0.00 0.00 0.00 0.00 0.00 0.00 0.00 0.00 0.00 0.00 0.00 0.00 0.00 0.00 0.00 0.00 0.00 1.00 1.00 0.00 0.00 0.00 0.00 0.00 0.00 0.00 0.00 0.00 0.00 0.00 0.00 0.00 0.00 0.00 0.00 0.00
human 0.00 1.00 1.00 0.00 0.00 1.00 1.00 0.00 0.00 0.00 1.00 1.00 0.00 0.00 0.00 0.00 0.00 0.00 0.00 0.00 0.00 0.00 1.00 0.00 1.00 1.00 1.00 0.00 1.00 0.00 1.00 0.00 0.00 1.00 1.00 0.00 0.00 1.00 0.00 0.00 0.00 0.00 1.00 1.00
lemur 0.00 0.00 0.00 0.00 0.00 0.00 0.00 0.00 0.00 0.00 0.00 1.00 0.00 0.00 0.00 0.00 0.00 0.00 0.00 0.00 0.00 0.00 1.00 0.00 0.00 2.00 1.00 0.00 0.00 0.00 0.00 0.00 0.00 0.00 0.00 0.00 0.00 0.00 0.00 0.00 0.00 0.00 0.00 0.00
macaque 0.00 1.00 1.00 1.00 1.00 1.00 1.00 0.00 0.00 0.00 0.00 0.00 1.00 0.00 1.00 2.00 1.00 1.00 1.00 0.00 1.00 1.00 0.00 0.00 2.00 1.00 2.00 0.00 2.00 1.00 0.00 0.00 1.00 1.00 0.00 1.00 0.00 0.00 0.00 1.00 0.00 0.00 1.00 2.00
marmoset 0.00 0.00 0.00 0.00 0.00 0.00 0.00 0.00 0.00 0.00 0.00 0.00 0.00 0.00 0.00 0.00 0.00 0.00 0.00 0.00 0.00 0.00 0.00 0.00 0.00 1.00 1.00 0.00 0.00 0.00 0.00 0.00 0.00 0.00 0.00 0.00 0.00 0.00 0.00 0.00 0.00 0.00 0.00 0.00
monodelphis 0.00 1.00 1.00 0.00 1.00 1.00 1.00 0.00 0.00 0.00 1.00 2.00 0.00 0.00 0.00 1.00 1.00 0.00 0.00 0.00 1.00 0.00 2.00 0.00 0.00 0.00 0.00 0.00 0.00 1.00 1.00 0.00 0.00 1.00 1.00 0.00 0.00 1.00 0.00 0.00 0.00 0.00 1.00 0.00
mouse 0.00 1.00 2.00 0.00 1.00 2.00 2.00 1.00 0.00 1.00 1.00 1.00 1.00 0.00 1.00 1.00 1.00 1.00 1.00 1.00 1.00 2.00 1.00 1.00 0.00 0.00 0.00 1.00 0.00 2.00 1.00 0.00 0.00 1.00 1.00 2.00 1.00 0.00 1.00 3.00 1.00 0.00 1.00 0.00
mouse_lemur 0.00 1.00 1.00 0.00 1.00 1.00 1.00 1.00 1.00 1.00 0.00 2.00 1.00 0.00 1.00 1.00 1.00 1.00 0.00 1.00 1.00 1.00 2.00 1.00 0.00 0.00 0.00 1.00 0.00 1.00 1.00 1.00 0.00 1.00 0.00 0.00 1.00 0.00 1.00 0.00 0.00 0.00 1.00 0.00
muntjak_indian 0.00 0.00 0.00 0.00 0.00 0.00 0.00 0.00 0.00 0.00 0.00 0.00 0.00 0.00 0.00 0.00 0.00 0.00 0.00 0.00 0.00 0.00 0.00 0.00 0.00 1.00 1.00 0.00 0.00 0.00 0.00 0.00 0.00 0.00 0.00 0.00 0.00 0.00 0.00 0.00 0.00 0.00 0.00 0.00
oppssum 0.00 1.00 1.00 0.00 1.00 1.00 1.00 0.00 0.00 0.00 1.00 2.00 0.00 0.00 0.00 1.00 1.00 0.00 0.00 0.00 1.00 0.00 2.00 0.00 0.00 0.00 0.00 0.00 0.00 1.00 1.00 0.00 0.00 1.00 1.00 0.00 0.00 1.00 0.00 0.00 0.00 0.00 1.00 0.00
orangatun 0.00 1.00 1.00 0.00 0.00 1.00 1.00 0.00 0.00 0.00 1.00 1.00 0.00 0.00 0.00 0.00 0.00 0.00 0.00 0.00 0.00 0.00 1.00 0.00 1.00 2.00 1.00 0.00 1.00 0.00 1.00 0.00 0.00 1.00 1.00 0.00 0.00 1.00 0.00 0.00 0.00 0.00 1.00 1.00
owl_monkey 0.00 0.00 0.00 0.00 1.00 0.00 0.00 0.00 0.00 0.00 0.00 0.00 0.00 0.00 0.00 1.00 1.00 0.00 0.00 0.00 1.00 0.00 0.00 0.00 1.00 1.00 1.00 0.00 1.00 1.00 0.00 0.00 0.00 0.00 0.00 0.00 0.00 0.00 0.00 0.00 0.00 0.00 0.00 1.00
pig 0.00 0.00 0.00 0.00 0.00 0.00 0.00 0.00 0.00 0.00 0.00 0.00 0.00 0.00 0.00 0.00 0.00 0.00 0.00 0.00 0.00 0.00 0.00 0.00 0.00 0.00 1.00 0.00 0.00 0.00 0.00 0.00 0.00 0.00 0.00 0.00 0.00 0.00 0.00 0.00 0.00 0.00 0.00 0.00
platypus 0.00 0.00 0.00 0.00 0.00 0.00 0.00 0.00 0.00 0.00 0.00 1.00 0.00 0.00 0.00 0.00 0.00 0.00 0.00 0.00 0.00 0.00 1.00 0.00 0.00 0.00 0.00 0.00 0.00 0.00 0.00 0.00 0.00 0.00 0.00 0.00 0.00 0.00 0.00 0.00 0.00 0.00 0.00 0.00
rabbit 0.00 0.00 0.00 0.00 1.00 0.00 0.00 0.00 0.00 0.00 0.00 1.00 0.00 0.00 0.00 1.00 1.00 0.00 0.00 0.00 1.00 0.00 1.00 0.00 1.00 1.00 1.00 0.00 1.00 1.00 0.00 0.00 0.00 0.00 0.00 0.00 0.00 0.00 0.00 0.00 0.00 0.00 0.00 1.00
rat 1.00 0.00 0.00 0.00 1.00 0.00 0.00 1.00 0.00 0.00 0.00 0.00 0.00 0.00 0.00 1.00 1.00 1.00 0.00 0.00 1.00 0.00 0.00 0.00 1.00 1.00 0.00 0.00 1.00 1.00 0.00 0.00 0.00 0.00 0.00 0.00 1.00 1.00 0.00 1.00 0.00 0.00 0.00 1.00
rfbat 0.00 0.00 0.00 0.00 0.00 0.00 0.00 0.00 0.00 0.00 0.00 1.00 0.00 0.00 0.00 0.00 0.00 0.00 0.00 0.00 0.00 0.00 1.00 0.00 0.00 2.00 0.00 0.00 0.00 0.00 0.00 0.00 0.00 0.00 0.00 0.00 0.00 0.00 0.00 0.00 0.00 0.00 0.00 0.00
sheep 0.00 0.00 0.00 0.00 0.00 0.00 0.00 0.00 0.00 0.00 0.00 0.00 0.00 0.00 0.00 0.00 0.00 0.00 0.00 0.00 0.00 0.00 0.00 0.00 0.00 1.00 1.00 0.00 0.00 0.00 0.00 0.00 0.00 0.00 1.00 0.00 0.00 0.00 0.00 0.00 0.00 0.00 0.00 0.00
shrew 0.00 0.00 0.00 0.00 1.00 0.00 0.00 0.00 0.00 0.00 0.00 0.00 0.00 0.00 0.00 1.00 1.00 0.00 0.00 0.00 1.00 0.00 0.00 0.00 1.00 0.00 0.00 0.00 1.00 1.00 0.00 0.00 0.00 0.00 1.00 0.00 0.00 0.00 0.00 0.00 0.00 0.00 0.00 1.00
squirrel_monkey 0.00 0.00 0.00 0.00 0.00 0.00 0.00 0.00 0.00 0.00 0.00 0.00 0.00 0.00 0.00 0.00 0.00 0.00 0.00 0.00 0.00 0.00 0.00 0.00 0.00 1.00 1.00 0.00 0.00 0.00 0.00 0.00 0.00 0.00 0.00 0.00 0.00 0.00 0.00 0.00 0.00 0.00 0.00 0.00
st_squirrel 0.00 0.00 0.00 0.00 0.00 0.00 0.00 0.00 0.00 0.00 0.00 2.00 0.00 0.00 0.00 0.00 0.00 0.00 0.00 0.00 0.00 0.00 1.00 0.00 0.00 3.00 0.00 0.00 0.00 0.00 0.00 0.00 0.00 0.00 1.00 0.00 0.00 0.00 0.00 0.00 0.00 0.00 0.00 0.00
tenrec 0.00 0.00 0.00 0.00 0.00 0.00 0.00 0.00 0.00 0.00 0.00 0.00 0.00 0.00 0.00 0.00 0.00 0.00 0.00 0.00 0.00 0.00 0.00 0.00 0.00 1.00 0.00 0.00 0.00 0.00 0.00 0.00 0.00 0.00 0.00 0.00 0.00 0.00 0.00 0.00 0.00 0.00 0.00 0.00
tetra 0.00 0.00 0.00 0.00 0.00 0.00 0.00 0.00 0.00 0.00 0.00 0.00 0.00 3.00 0.00 0.00 0.00 0.00 0.00 0.00 0.00 0.00 0.00 0.00 0.00 0.00 0.00 0.00 0.00 0.00 0.00 0.00 0.00 0.00 0.00 0.00 0.00 0.00 0.00 0.00 0.00 0.00 0.00 0.00
vervet 0.00 0.00 0.00 0.00 1.00 0.00 0.00 0.00 0.00 0.00 0.00 1.00 0.00 0.00 0.00 1.00 1.00 0.00 0.00 0.00 1.00 0.00 1.00 0.00 1.00 1.00 1.00 0.00 1.00 1.00 0.00 0.00 0.00 0.00 0.00 0.00 0.00 0.00 0.00 0.00 0.00 0.00 0.00 1.00
wallaby 0.00 1.00 1.00 0.00 1.00 1.00 1.00 0.00 0.00 0.00 1.00 2.00 0.00 0.00 0.00 1.00 1.00 0.00 0.00 0.00 1.00 0.00 2.00 0.00 0.00 0.00 0.00 0.00 0.00 1.00 1.00 0.00 0.00 1.00 1.00 0.00 0.00 1.00 0.00 0.00 0.00 0.00 1.00 0.00
44
armadillo 0.00 inf inf -nan inf inf inf inf inf -nan inf inf -nan inf inf inf inf inf -nan inf inf inf inf -nan -nan inf inf inf -nan inf inf inf inf inf inf inf inf inf -nan inf inf inf inf -nan
baboon inf 0.00 85240944.01 inf 531051265182.07 32336899947.19 0.00 345143745739.54 43482966264.51 inf 18979935984.11 513259875337.76 inf 6673663602.65 69648012.04 475996834037.87 472635867827.70 158142013359.82 inf 16922661789.13 468183687610.25 1789128.00 583708674251.80 inf inf 168516695931.60 4541415259.90 36479201059.60 inf 517242629133.07 1442921.99 19543191500.11 844289820.04 430857639487.18 182507960832.70 160099055188.46 328457362610.70 154258306457.16 inf 195584637340.20 5480012835.23 396262928.01 18307521720.53 inf
cat inf 85240944.01 0.00 inf 225761189789.94 82058738856.91 84345876.01 353591319375.81 42947515728.30 inf 8072965844.94 508198351873.04 inf 8409121992.20 529056.00 201360578465.65 199212888864.70 133898142022.28 inf 15489010198.96 197835155257.19 64727999.98 198438854086.14 inf inf 154973645191.42 2613242101.81 36527891574.39 inf 216767895561.52 100415603.97 19515363749.93 777607680.03 384814661070.19 163029208368.27 158176626533.48 347411328393.71 150128040174.23 inf 173930582475.56 4775545026.15 233107920.00 5124010752.08 inf
chicken -nan inf inf 0.00 inf inf inf inf inf -nan inf inf -nan inf inf inf inf inf -nan inf inf inf inf -nan -nan inf inf inf -nan inf inf inf inf inf inf inf inf inf -nan inf inf inf inf -nan
chimp inf 531051265182.07 225761189789.94 inf 0.00 63245927678.54 529545748435.56 7789385715.73 26816417381.22 inf 243735211937.36 46262344030.39 inf 495579625.69 210626426431.64 4671431935.99 7344305024.02 1878253127.27 inf 121377199951.89 9101159999.98 286771220315.85 6611365891.79 inf inf 5086336718.02 196252593970.99 47392321871.38 inf 185931450.02 445016038208.77 86926357186.03 14304280409.97 35405000936.47 4118064405.74 1963085149.01 7955398477.87 160326086.10 inf 2526795222.76 60202856902.27 1538613554.25 321122626246.91 inf
clouded_leopard inf 32336899947.19 82058738856.91 inf 63245927678.54 0.00 32271910484.19 129423507456.49 2275630500.07 inf 6320194000.04 218814312986.96 inf 3184842243.38 25229836636.58 51299835875.52 50235844416.85 34083680868.16 inf 3900745728.01 48869316741.99 33304672829.66 48792504442.23 inf inf 66579048125.97 13885103525.52 368626772.04 inf 59956982353.53 33025417199.50 1417135824.01 1336706720.97 165650580077.23 66293858943.19 40767606346.75 128408759712.04 44371241606.51 inf 46367466112.30 3696683319.87 15226182.00 9269250668.90 inf
colobus_monkey inf 0.00 84345876.01 inf 529545748435.56 32271910484.19 0.00 336601396963.50 43782160986.52 inf 18826303275.10 501832771177.72 inf 6213410940.40 67933404.04 477865213365.64 472820365716.70 156978862334.81 inf 16875092817.13 468003618049.24 1767744.00 536764641595.32 inf inf 169580001384.55 4471809610.90 36293260563.59 inf 513778803817.56 1422641.99 19308673202.11 825527824.04 429331024792.90 185160210944.71 154239522044.67 323713995580.35 154695144139.16 inf 189143364880.17 5498863002.23 367125948.01 17431009840.50 inf
cow inf 345143745739.54 353591319375.81 inf 7789385715.73 129423507456.49 336601396963.50 0.00 63915563915.90 inf 197237842704.83 17848493774.98 inf 254661893.75 258059869838.23 18614664312.70 21397326700.73 14260362068.03 inf 201403091968.73 23435349279.69 345083121449.72 22168030291.84 inf inf 193058916.69 246263425639.58 225596171811.36 inf 9669409182.04 328671366239.12 198458690000.81 30747406038.93 9521903617.91 23233939.96 16841941206.74 36147923.56 7231155009.49 inf 18542692799.99 100091414627.63 2564133658.00 227471782769.09 inf
cpbat inf 43482966264.51 42947515728.30 inf 26816417381.22 2275630500.07 43782160986.52 63915563915.90 0.00 inf 13596819300.21 116555424173.83 inf 1724547827.43 34186778189.84 20583962555.98 19519183652.21 12920683775.94 inf 11143925156.18 18988354124.99 45258146307.00 18784660698.63 inf inf 29645778707.94 25441233306.06 779107103.99 inf 26294968237.38 41970802899.84 6339763768.13 2057822187.99 81697639581.96 25877226495.93 18169388775.95 63358461838.13 19487437499.97 inf 15794494451.96 7114981103.94 160403002.00 19037980364.07 inf
dog -nan inf inf -nan inf inf inf inf inf 0.00 inf inf -nan inf inf inf inf inf -nan inf inf inf inf -nan -nan inf inf inf -nan inf inf inf inf inf inf inf inf inf -nan inf inf inf inf -nan
dusky_titi inf 18979935984.11 8072965844.94 inf 243735211937.36 6320194000.04 18826303275.10 197237842704.83 13596819300.21 inf 0.00 332431086267.99 inf 4093216473.07 7820884943.69 213142315484.46 208006750561.75 80595372152.40 inf 573214592.01 206100301019.74 11779526384.71 202570055727.90 inf inf 103829104853.85 1836053999.91 8634498084.22 inf 230683818680.82 23848959999.18 1817969344.01 37901279.99 262739712592.21 106342953898.37 81372982441.25 194078307183.92 82388058294.24 inf 102917961792.64 5070924.01 32144663.00 605848886.94 inf
elephant inf 513259875337.76 508198351873.04 inf 46262344030.39 218814312986.96 501832771177.72 17848493774.98 116555424173.83 inf 332431086267.99 0.00 inf 23436125.00 406379210987.24 75163522035.05 81904696080.34 54804145318.16 inf 311977392625.76 83789736046.52 520480849511.56 82172507514.37 inf inf 5896336583.82 384920512959.82 167194825866.62 inf 51739448423.32 514643326282.77 257483934175.71 53541176374.24 602761186.00 9169110368.01 60436065334.03 15763703761.76 38178530590.44 inf 70775782788.05 245043617075.25 5409138804.00 351780472018.32 inf
ferret -nan inf inf -nan inf inf inf inf inf -nan inf inf 0.00 inf inf inf inf inf -nan inf inf inf inf -nan -nan inf inf inf -nan inf inf inf inf inf inf inf inf inf -nan inf inf inf inf -nan
fugu inf 6673663602.65 8409121992.20 inf 495579625.69 3184842243.38 6213410940.40 254661893.75 1724547827.43 inf 4093216473.07 23436125.00 inf 0.00 11012838255.09 695036523.00 944657746.31 777999036.19 inf 4426173027.64 984436151.31 7798058206.24 909188312.63 inf inf 122785156.25 7778843105.06 4498155065.24 inf 454816592.69 7612587184.11 4057234215.64 10295061545.23 615418.15 134299195.69 1238265845.00 216228838.58 567999115.69 inf 762105039.06 7181924216.41 238495142342.54 4010749225.31 inf
galago inf 69648012.04 529056.00 inf 210626426431.64 25229836636.58 67933404.04 258059869838.23 34186778189.84 inf 7820884943.69 406379210987.24 inf 11012838255.09 0.00 192658038082.40 190822083623.06 134469074999.36 inf 12337264074.66 190056740815.68 64560240.01 191658942482.30 inf inf 145427529445.60 3334258516.64 26384761871.91 inf 210439762417.30 80046903.00 14066719058.66 682276000.00 339676895937.07 151214011983.48 129149097858.01 253647198134.17 120289225529.62 inf 158029604333.42 4351746600.00 450205184.00 5202089599.87 inf
gibbon inf 475996834037.87 201360578465.65 inf 4671431935.99 51299835875.52 477865213365.64 18614664312.70 20583962555.98 inf 213142315484.46 75163522035.05 inf 695036523.00 192658038082.40 0.00 185443700.01 33977241.00 inf 101007344689.38 503912128.00 261691792564.62 326806462.52 inf inf 11228474233.34 182300994432.31 37950630624.89 inf 2985919075.93 410175487031.25 72625828264.28 13906423550.22 54620914656.66 10260644834.77 54948582.00 18866084371.48 644109542.53 inf 79088416.75 53034759835.28 1259688487.50 286106546328.07 inf
gorilla inf 472635867827.70 199212888864.70 inf 7344305024.02 50235844416.85 472820365716.70 21397326700.73 19519183652.21 inf 208006750561.75 81904696080.34 inf 944657746.31 190822083623.06 185443700.01 0.00 3018027.00 inf 97018609053.04 84009656.00 252204021468.04 51593456.24 inf inf 12879358419.47 170425079232.63 34701481856.11 inf 4802504254.94 401846336028.47 71092094406.72 13992180266.21 59977008763.76 11789727803.59 3350.00 21660509918.74 1050009010.61 inf 311253.00 53745019406.23 1303050425.00 278642920573.99 inf
guinea_pig inf 158142013359.82 133898142022.28 inf 1878253127.27 34083680868.16 156978862334.81 14260362068.03 12920683775.94 inf 80595372152.40 54804145318.16 inf 777999036.19 134469074999.36 33977241.00 3018027.00 0.00 inf 66720654000.27 43525307.25 159622510240.68 54578849.78 inf inf 10978767358.54 104366855914.77 24075126591.85 inf 1321330601.50 159586050851.31 45431424504.23 9884948124.96 44666370107.24 9260570194.36 1948587.75 13992388963.59 668361573.01 inf 4730544.00 38906979999.75 1242985536.00 89947956599.96 inf
heagehog -nan inf inf -nan inf inf inf inf inf -nan inf inf -nan inf inf inf inf inf 0.00 inf inf inf inf -nan -nan inf inf inf -nan inf inf inf inf inf inf inf inf inf -nan inf inf inf inf -nan
horse inf 16922661789.13 15489010198.96 inf 121377199951.89 3900745728.01 16875092817.13 201403091968.73 11143925156.18 inf 573214592.01 311977392625.76 inf 4426173027.64 12337264074.66 101007344689.38 97018609053.04 66720654000.27 inf 0.00 96114733793.89 16294963593.73 97488290964.58 inf inf 94936297118.15 4465541477.23 5957775212.17 inf 114501884728.37 16309040975.60 502333920.00 191443799.99 233794982408.28 91070584200.25 78523294063.92 189438283789.58 76473337104.40 inf 79246224064.44 211679999.97 8946450.00 1928954024.94 inf
human inf 468183687610.25 197835155257.19 inf 9101159999.98 48869316741.99 468003618049.24 23435349279.69 18988354124.99 inf 206100301019.74 83789736046.52 inf 984436151.31 190056740815.68 503912128.00 84009656.00 43525307.25 inf 96114733793.89 0.00 249403279432.45 80881460.28 inf inf 13669767292.12 168737647439.49 33562258070.16 inf 6063516224.89 399590201597.48 68181452660.77 13139015512.47 62671461391.45 12713793770.85 23711938.00 23560681718.36 1347611286.64 inf 23429558.25 53126283572.78 1254689777.00 273909145028.07 inf
lemur inf 1789128.00 64727999.98 inf 286771220315.85 33304672829.66 1767744.00 345083121449.72 45258146307.00 inf 11779526384.71 520480849511.56 inf 7798058206.24 64560240.01 261691792564.62 252204021468.04 159622510240.68 inf 16294963593.73 249403279432.45 0.00 253745717918.84 inf inf 175157351470.71 6791833750.66 36347962841.08 inf 281777719922.41 5236489.00 19697507549.70 872604544.01 446866760554.88 176503436647.74 168568111968.06 335948652706.06 157365779475.90 inf 202739946749.82 5486890707.07 396116304.00 7966767919.93 inf
macaque inf 583708674251.80 198438854086.14 inf 6611365891.79 48792504442.23 536764641595.32 22168030291.84 18784660698.63 inf 202570055727.90 82172507514.37 inf 909188312.63 191658942482.30 326806462.52 51593456.24 54578849.78 inf 97488290964.58 80881460.28 253745717918.84 0.00 inf inf 13091132642.51 174445571488.34 35079314197.24 inf 4707242061.80 393869369199.80 67530078090.54 14496538978.95 60823194394.40 12152250988.52 47472463.27 21975786230.17 1095655488.02 inf 46452289.26 53113905546.87 1175083659.50 335322293935.10 inf
marmoset -nan inf inf -nan inf inf inf inf inf -nan inf inf -nan inf inf inf inf inf -nan inf inf inf inf 0.00 -nan inf inf inf -nan inf inf inf inf inf inf inf inf inf -nan inf inf inf inf -nan
monodelphis -nan inf inf -nan inf inf inf inf inf -nan inf inf -nan inf inf inf inf inf -nan inf inf inf inf -nan 0.00 inf inf inf -nan inf inf inf inf inf inf inf inf inf -nan inf inf inf inf -nan
mouse inf 168516695931.60 154973645191.42 inf 5086336718.02 66579048125.97 169580001384.55 193058916.69 29645778707.94 inf 103829104853.85 5896336583.82 inf 122785156.25 145427529445.60 11228474233.34 12879358419.47 10978767358.54 inf 94936297118.15 13669767292.12 175157351470.71 13091132642.51 inf inf 0.00 121127667583.95 44356271455.09 inf 6006617284.08 167747831123.44 71653701600.25 27204216392.93 3466126111.69 444806331.26 10545881580.98 130875874.53 5309320445.98 inf 13675350027.50 68171475817.26 3885356880.00 117242445106.18 inf
mouse_lemur inf 4541415259.90 2613242101.81 inf 196252593970.99 13885103525.52 4471809610.90 246263425639.58 25441233306.06 inf 1836053999.91 384920512959.82 inf 7778843105.06 3334258516.64 182300994432.31 170425079232.63 104366855914.77 inf 4465541477.23 168737647439.49 6791833750.66 174445571488.34 inf inf 121127667583.95 0.00 17178731349.89 inf 191321448835.60 4554419564.59 6341787357.33 70384090.00 338994216414.13 127508368402.91 110677958334.25 239121393530.24 106080321875.04 inf 132712888320.01 958926276.04 170260013.00 729346497.11 inf
muntjak_indian inf 36479201059.60 36527891574.39 inf 47392321871.38 368626772.04 36293260563.59 225596171811.36 779107103.99 inf 8634498084.22 167194825866.62 inf 4498155065.24 26384761871.91 37950630624.89 34701481856.11 24075126591.85 inf 5957775212.17 33562258070.16 36347962841.08 35079314197.24 inf inf 44356271455.09 17178731349.89 0.00 inf 44609855384.50 34310546119.91 3338147916.14 1981328832.00 120379285520.04 44206213074.84 26742696775.88 232347021421.58 31498627936.90 inf 29541158219.88 4026061311.97 57421450.00 12173755429.11 inf
oppssum -nan inf inf -nan inf inf inf inf inf -nan inf inf -nan inf inf inf inf inf -nan inf inf inf inf -nan -nan inf inf inf 0.00 inf inf inf inf inf inf inf inf inf -nan inf inf inf inf -nan
orangatun inf 517242629133.07 216767895561.52 inf 185931450.02 59956982353.53 513778803817.56 9669409182.04 26294968237.38 inf 230683818680.82 51739448423.32 inf 454816592.69 210439762417.30 2985919075.93 4802504254.94 1321330601.50 inf 114501884728.37 6063516224.89 281777719922.41 4707242061.80 inf inf 6006617284.08 191321448835.60 44609855384.50 inf 0.00 426651876451.97 82876215097.33 14154745916.94 38372035612.59 5032686629.08 1380953155.98 9769846190.66 56222011.19 inf 1783104320.23 57646349491.15 1382867653.50 316755467746.45 inf
owl_monkey inf 1442921.99 100415603.97 inf 445016038208.77 33025417199.50 1422641.99 328671366239.12 41970802899.84 inf 23848959999.18 514643326282.77 inf 7612587184.11 80046903.00 410175487031.25 401846336028.47 159586050851.31 inf 16309040975.60 399590201597.48 5236489.00 393869369199.80 inf inf 167747831123.44 4554419564.59 34310546119.91 inf 426651876451.97 0.00 19555582463.58 941210701.00 405406396630.09 173886389387.44 151773698728.74 322133656328.07 152609662405.82 inf 191577935167.37 5351060496.01 365200398.00 12744939752.74 inf
pig inf 19543191500.11 19515363749.93 inf 86926357186.03 1417135824.01 19308673202.11 198458690000.81 6339763768.13 inf 1817969344.01 257483934175.71 inf 4057234215.64 14066719058.66 72625828264.28 71092094406.72 45431424504.23 inf 502333920.00 68181452660.77 19697507549.70 67530078090.54 inf inf 71653701600.25 6341787357.33 3338147916.14 inf 82876215097.33 19555582463.58 0.00 528458776.98 172755364086.28 71978672304.24 51601836757.83 190110210970.11 50354544584.56 inf 58394299600.39 821022299.94 91035.00 3389312537.92 inf
platypus inf 844289820.04 777607680.03 inf 14304280409.97 1336706720.97 825527824.04 30747406038.93 2057822187.99 inf 37901279.99 53541176374.24 inf 10295061545.23 682276000.00 13906423550.22 13992180266.21 9884948124.96 inf 191443799.99 13139015512.47 872604544.01 14496538978.95 inf inf 27204216392.93 70384090.00 1981328832.00 inf 14154745916.94 941210701.00 528458776.98 0.00 45688665188.98 27607197015.92 13786570470.46 30791913655.93 15950867039.71 inf 13528885578.96 49266775.00 95757792.00 164400.00 inf
rabbit inf 430857639487.18 384814661070.19 inf 35405000936.47 165650580077.23 429331024792.90 9521903617.91 81697639581.96 inf 262739712592.21 602761186.00 inf 615418.15 339676895937.07 54620914656.66 59977008763.76 44666370107.24 inf 233794982408.28 62671461391.45 446866760554.88 60823194394.40 inf inf 3466126111.69 338994216414.13 120379285520.04 inf 38372035612.59 405406396630.09 172755364086.28 45688665188.98 0.00 5688605730.21 41328440134.84 8478178939.81 27686221295.26 inf 53189325371.47 154151165212.78 4114531064.08 285408481966.48 inf
rat inf 182507960832.70 163029208368.27 inf 4118064405.74 66293858943.19 185160210944.71 23233939.96 25877226495.93 inf 106342953898.37 9169110368.01 inf 134299195.69 151214011983.48 10260644834.77 11789727803.59 9260570194.36 inf 91070584200.25 12713793770.85 176503436647.74 12152250988.52 inf inf 444806331.26 127508368402.91 44206213074.84 inf 5032686629.08 173886389387.44 71978672304.24 27607197015.92 5688605730.21 0.00 9152614244.23 20004873.80 4479232072.43 inf 12474375189.34 71904012378.68 2998658700.00 120897583271.97 inf
rfbat inf 160099055188.46 158176626533.48 inf 1963085149.01 40767606346.75 154239522044.67 16841941206.74 18169388775.95 inf 81372982441.25 60436065334.03 inf 1238265845.00 129149097858.01 54948582.00 3350.00 1948587.75 inf 78523294063.92 23711938.00 168568111968.06 47472463.27 inf inf 10545881580.98 110677958334.25 26742696775.88 inf 1380953155.98 151773698728.74 51601836757.83 13786570470.46 41328440134.84 9152614244.23 0.00 17315713521.94 786238254.00 inf 271923.25 44769525445.52 1169446997.25 89691121975.56 inf
sheep inf 328457362610.70 347411328393.71 inf 7955398477.87 128408759712.04 323713995580.35 36147923.56 63358461838.13 inf 194078307183.92 15763703761.76 inf 216228838.58 253647198134.17 18866084371.48 21660509918.74 13992388963.59 inf 189438283789.58 23560681718.36 335948652706.06 21975786230.17 inf inf 130875874.53 239121393530.24 232347021421.58 inf 9769846190.66 322133656328.07 190110210970.11 30791913655.93 8478178939.81 20004873.80 17315713521.94 0.00 7804046827.51 inf 19202933879.54 98955576049.42 2520097222.22 216586439632.00 inf
shrew inf 154258306457.16 150128040174.23 inf 160326086.10 44371241606.51 154695144139.16 7231155009.49 19487437499.97 inf 82388058294.24 38178530590.44 inf 567999115.69 120289225529.62 644109542.53 1050009010.61 668361573.01 inf 76473337104.40 1347611286.64 157365779475.90 1095655488.02 inf inf 5309320445.98 106080321875.04 31498627936.90 inf 56222011.19 152609662405.82 50354544584.56 15950867039.71 27686221295.26 4479232072.43 786238254.00 7804046827.51 0.00 inf 921812678.50 48906973329.79 1336802413.50 93876834870.10 inf
squirrel_monkey -nan inf inf -nan inf inf inf inf inf -nan inf inf -nan inf inf inf inf inf -nan inf inf inf inf -nan -nan inf inf inf -nan inf inf inf inf inf inf inf inf inf 0.00 inf inf inf inf -nan
st_squirrel inf 195584637340.20 173930582475.56 inf 2526795222.76 46367466112.30 189143364880.17 18542692799.99 15794494451.96 inf 102917961792.64 70775782788.05 inf 762105039.06 158029604333.42 79088416.75 311253.00 4730544.00 inf 79246224064.44 23429558.25 202739946749.82 46452289.26 inf inf 13675350027.50 132712888320.01 29541158219.88 inf 1783104320.23 191577935167.37 58394299600.39 13528885578.96 53189325371.47 12474375189.34 271923.25 19202933879.54 921812678.50 inf 0.00 49866149303.75 1278906787.00 111923801336.10 inf
tenrec inf 5480012835.23 4775545026.15 inf 60202856902.27 3696683319.87 5498863002.23 100091414627.63 7114981103.94 inf 5070924.01 245043617075.25 inf 7181924216.41 4351746600.00 53034759835.28 53745019406.23 38906979999.75 inf 211679999.97 53126283572.78 5486890707.07 53113905546.87 inf inf 68171475817.26 958926276.04 4026061311.97 inf 57646349491.15 5351060496.01 821022299.94 49266775.00 154151165212.78 71904012378.68 44769525445.52 98955576049.42 48906973329.79 inf 49866149303.75 0.00 46607262.00 204916650.02 inf
tetra inf 396262928.01 233107920.00 inf 1538613554.25 15226182.00 367125948.01 2564133658.00 160403002.00 inf 32144663.00 5409138804.00 inf 238495142342.54 450205184.00 1259688487.50 1303050425.00 1242985536.00 inf 8946450.00 1254689777.00 396116304.00 1175083659.50 inf inf 3885356880.00 170260013.00 57421450.00 inf 1382867653.50 365200398.00 91035.00 95757792.00 4114531064.08 2998658700.00 1169446997.25 2520097222.22 1336802413.50 inf 1278906787.00 46607262.00 0.00 76343040.00 inf
vervet inf 18307521720.53 5124010752.08 inf 321122626246.91 9269250668.90 17431009840.50 227471782769.09 19037980364.07 inf 605848886.94 351780472018.32 inf 4010749225.31 5202089599.87 286106546328.07 278642920573.99 89947956599.96 inf 1928954024.94 273909145028.07 7966767919.93 335322293935.10 inf inf 117242445106.18 729346497.11 12173755429.11 inf 316755467746.45 12744939752.74 3389312537.92 164400.00 285408481966.48 120897583271.97 89691121975.56 216586439632.00 93876834870.10 inf 111923801336.10 204916650.02 76343040.00 0.00 inf
wallaby -nan inf inf -nan inf inf inf inf inf -nan inf inf -nan inf inf inf inf inf -nan inf inf inf inf -nan -nan inf inf inf -nan inf inf inf inf inf inf inf inf inf -nan inf inf inf inf 0.00
44
armadillo 0.00 0.56 0.58 0.91 0.61 0.63 0.56 0.60 0.68 0.64 0.61 0.58 0.59 0.99 0.63 0.57 0.56 0.65 0.66 0.59 0.55 0.56 0.56 0.59 0.82 0.78 0.57 0.68 0.84 0.60 0.56 0.64 0.92 0.65 0.74 0.64 0.62 0.68 0.62 0.59 0.75 0.99 0.57 0.81
baboon 0.56 0.00 0.50 0.89 0.22 0.50 0.18 0.52 0.56 0.53 0.29 0.53 0.53 0.99 0.50 0.23 0.22 0.58 0.60 0.47 0.22 0.44 0.15 0.32 0.78 0.70 0.44 0.52 0.79 0.22 0.29 0.52 0.90 0.56 0.68 0.57 0.53 0.60 0.31 0.52 0.68 0.98 0.16 0.79
cat 0.58 0.50 0.00 0.90 0.49 0.15 0.50 0.50 0.54 0.42 0.51 0.52 0.39 0.98 0.55 0.50 0.50 0.61 0.60 0.45 0.49 0.50 0.49 0.51 0.78 0.71 0.52 0.49 0.80 0.50 0.50 0.48 0.89 0.58 0.70 0.56 0.51 0.60 0.53 0.53 0.67 0.99 0.51 0.81
chicken 0.91 0.89 0.90 0.00 0.90 0.89 0.89 0.89 0.90 0.90 0.89 0.89 0.90 0.98 0.91 0.89 0.89 0.92 0.91 0.90 0.89 0.89 0.89 0.90 0.88 0.93 0.90 0.90 0.87 0.91 0.89 0.90 0.93 0.91 0.93 0.90 0.90 0.91 0.91 0.89 0.92 0.98 0.90 0.88
chimp 0.61 0.22 0.49 0.90 0.00 0.54 0.22 0.52 0.61 0.55 0.33 0.54 0.52 0.99 0.51 0.19 0.15 0.58 0.62 0.50 0.14 0.43 0.22 0.32 0.82 0.73 0.47 0.56 0.82 0.18 0.28 0.55 0.92 0.54 0.70 0.58 0.54 0.62 0.35 0.52 0.71 0.99 0.27 0.81
clouded_leopard 0.63 0.50 0.15 0.89 0.54 0.00 0.50 0.49 0.61 0.50 0.55 0.52 0.39 0.99 0.55 0.51 0.49 0.61 0.58 0.50 0.49 0.49 0.50 0.51 0.80 0.69 0.54 0.55 0.83 0.54 0.50 0.54 0.90 0.57 0.67 0.55 0.50 0.61 0.60 0.52 0.67 0.99 0.55 0.82
colobus_monkey 0.56 0.18 0.50 0.89 0.22 0.50 0.00 0.52 0.56 0.53 0.30 0.54 0.53 0.99 0.51 0.23 0.22 0.58 0.61 0.47 0.22 0.44 0.18 0.32 0.78 0.70 0.45 0.52 0.79 0.23 0.30 0.52 0.90 0.56 0.68 0.58 0.53 0.60 0.31 0.53 0.68 0.98 0.18 0.79
cow 0.60 0.52 0.50 0.89 0.52 0.49 0.52 0.00 0.56 0.54 0.54 0.55 0.53 0.98 0.59 0.52 0.52 0.62 0.61 0.49 0.51 0.51 0.52 0.54 0.79 0.73 0.54 0.25 0.81 0.51 0.53 0.45 0.90 0.61 0.71 0.59 0.22 0.63 0.55 0.56 0.70 0.99 0.52 0.80
cpbat 0.68 0.56 0.54 0.90 0.61 0.61 0.56 0.56 0.00 0.64 0.61 0.60 0.56 0.99 0.61 0.57 0.55 0.67 0.65 0.56 0.54 0.54 0.56 0.57 0.85 0.77 0.56 0.66 0.86 0.60 0.57 0.61 0.93 0.66 0.77 0.57 0.57 0.66 0.64 0.61 0.74 0.98 0.58 0.84
dog 0.64 0.53 0.42 0.90 0.55 0.50 0.53 0.54 0.64 0.00 0.58 0.57 0.41 0.98 0.59 0.53 0.53 0.65 0.63 0.54 0.52 0.53 0.53 0.54 0.83 0.75 0.57 0.60 0.83 0.55 0.54 0.53 0.89 0.62 0.73 0.60 0.55 0.63 0.57 0.58 0.72 0.99 0.58 0.82
dusky_titi 0.61 0.29 0.51 0.89 0.33 0.55 0.30 0.54 0.61 0.58 0.00 0.54 0.54 0.99 0.53 0.30 0.29 0.59 0.62 0.53 0.28 0.45 0.29 0.25 0.79 0.72 0.48 0.57 0.79 0.34 0.22 0.56 0.90 0.58 0.70 0.58 0.55 0.63 0.29 0.51 0.71 0.99 0.34 0.81
elephant 0.58 0.53 0.52 0.89 0.54 0.52 0.54 0.55 0.60 0.57 0.54 0.00 0.56 0.98 0.59 0.53 0.53 0.63 0.62 0.52 0.53 0.53 0.53 0.55 0.78 0.73 0.54 0.56 0.78 0.53 0.53 0.54 0.89 0.59 0.71 0.61 0.57 0.63 0.56 0.57 0.61 0.98 0.54 0.81
ferret 0.59 0.53 0.39 0.90 0.52 0.39 0.53 0.53 0.56 0.41 0.54 0.56 0.00 0.98 0.57 0.52 0.53 0.62 0.61 0.48 0.52 0.51 0.52 0.54 0.78 0.73 0.52 0.52 0.80 0.53 0.53 0.50 0.89 0.60 0.72 0.59 0.53 0.62 0.56 0.55 0.69 0.98 0.54 0.80
fugu 0.99 0.99 0.98 0.98 0.99 0.99 0.99 0.98 0.99 0.98 0.99 0.98 0.98 0.00 0.98 0.99 0.99 0.99 0.99 0.99 0.99 0.98 0.99 0.98 0.99 0.98 0.98 0.98 0.99 0.99 0.98 0.99 0.97 0.99 0.99 0.98 0.98 0.99 0.99 0.99 0.98 0.52 0.99 0.99
galago 0.63 0.50 0.55 0.91 0.51 0.55 0.51 0.59 0.61 0.59 0.53 0.59 0.57 0.98 0.00 0.52 0.51 0.61 0.65 0.52 0.51 0.43 0.51 0.54 0.81 0.73 0.45 0.59 0.82 0.51 0.52 0.58 0.90 0.61 0.72 0.62 0.59 0.66 0.54 0.56 0.69 0.98 0.52 0.82
gibbon 0.57 0.23 0.50 0.89 0.19 0.51 0.23 0.52 0.57 0.53 0.30 0.53 0.52 0.99 0.52 0.00 0.19 0.58 0.61 0.48 0.19 0.43 0.23 0.31 0.77 0.71 0.44 0.52 0.78 0.20 0.28 0.52 0.91 0.56 0.69 0.58 0.53 0.61 0.31 0.52 0.69 0.98 0.24 0.79
gorilla 0.56 0.22 0.50 0.89 0.15 0.49 0.22 0.52 0.55 0.53 0.29 0.53 0.53 0.99 0.51 0.19 0.00 0.57 0.61 0.47 0.15 0.44 0.22 0.31 0.78 0.70 0.45 0.53 0.78 0.18 0.28 0.51 0.90 0.56 0.68 0.58 0.53 0.60 0.30 0.51 0.68 0.98 0.23 0.79
guinea_pig 0.65 0.58 0.61 0.92 0.58 0.61 0.58 0.62 0.67 0.65 0.59 0.63 0.62 0.99 0.61 0.58 0.57 0.00 0.69 0.58 0.57 0.57 0.58 0.59 0.83 0.73 0.59 0.63 0.81 0.57 0.58 0.63 0.93 0.63 0.73 0.66 0.64 0.68 0.60 0.59 0.75 0.98 0.59 0.83
heagehog 0.66 0.60 0.60 0.91 0.62 0.58 0.61 0.61 0.65 0.63 0.62 0.62 0.61 0.99 0.65 0.61 0.61 0.69 0.00 0.60 0.61 0.60 0.60 0.62 0.83 0.78 0.62 0.62 0.84 0.62 0.60 0.62 0.93 0.68 0.78 0.68 0.62 0.66 0.63 0.63 0.78 0.99 0.62 0.85
horse 0.59 0.47 0.45 0.90 0.50 0.50 0.47 0.49 0.56 0.54 0.53 0.52 0.48 0.99 0.52 0.48 0.47 0.58 0.60 0.00 0.47 0.48 0.47 0.50 0.83 0.70 0.50 0.53 0.83 0.50 0.48 0.51 0.91 0.57 0.70 0.54 0.51 0.61 0.55 0.53 0.71 0.99 0.50 0.82
human 0.55 0.22 0.49 0.89 0.14 0.49 0.22 0.51 0.54 0.52 0.28 0.53 0.52 0.99 0.51 0.19 0.15 0.57 0.61 0.47 0.00 0.43 0.22 0.30 0.77 0.70 0.44 0.52 0.78 0.18 0.28 0.51 0.91 0.56 0.68 0.58 0.52 0.60 0.30 0.51 0.67 0.98 0.23 0.79
lemur 0.56 0.44 0.50 0.89 0.43 0.49 0.44 0.51 0.54 0.53 0.45 0.53 0.51 0.98 0.43 0.43 0.44 0.57 0.60 0.48 0.43 0.00 0.43 0.46 0.78 0.69 0.29 0.52 0.79 0.43 0.44 0.51 0.89 0.55 0.69 0.56 0.52 0.60 0.46 0.50 0.67 0.98 0.44 0.80
macaque 0.56 0.15 0.49 0.89 0.22 0.50 0.18 0.52 0.56 0.53 0.29 0.53 0.52 0.99 0.51 0.23 0.22 0.58 0.60 0.47 0.22 0.43 0.00 0.32 0.77 0.70 0.44 0.52 0.78 0.22 0.29 0.52 0.90 0.56 0.68 0.57 0.53 0.60 0.31 0.52 0.68 0.98 0.16 0.79
marmoset 0.59 0.32 0.51 0.90 0.32 0.51 0.32 0.54 0.57 0.54 0.25 0.55 0.54 0.98 0.54 0.31 0.31 0.59 0.62 0.50 0.30 0.46 0.32 0.00 0.81 0.71 0.48 0.56 0.81 0.32 0.22 0.53 0.90 0.59 0.70 0.60 0.55 0.64 0.24 0.54 0.70 0.98 0.34 0.81
monodelphis 0.82 0.78 0.78 0.88 0.82 0.80 0.78 0.79 0.85 0.83 0.79 0.78 0.78 0.99 0.81 0.77 0.78 0.83 0.83 0.83 0.77 0.78 0.77 0.81 0.00 0.85 0.78 0.82 0.32 0.82 0.80 0.83 0.87 0.81 0.85 0.82 0.80 0.85 0.85 0.78 0.85 0.99 0.80 0.46
mouse 0.78 0.70 0.71 0.93 0.73 0.69 0.70 0.73 0.77 0.75 0.72 0.73 0.73 0.98 0.73 0.71 0.70 0.73 0.78 0.70 0.70 0.69 0.70 0.71 0.85 0.00 0.73 0.74 0.86 0.73 0.70 0.73 0.91 0.73 0.42 0.74 0.73 0.77 0.75 0.69 0.79 0.98 0.71 0.88
mouse_lemur 0.57 0.44 0.52 0.90 0.47 0.54 0.45 0.54 0.56 0.57 0.48 0.54 0.52 0.98 0.45 0.44 0.45 0.59 0.62 0.50 0.44 0.29 0.44 0.48 0.78 0.73 0.00 0.55 0.78 0.47 0.45 0.56 0.90 0.56 0.70 0.58 0.55 0.63 0.50 0.52 0.69 0.98 0.47 0.81
muntjak_indian 0.68 0.52 0.49 0.90 0.56 0.55 0.52 0.25 0.66 0.60 0.57 0.56 0.52 0.98 0.59 0.52 0.53 0.63 0.62 0.53 0.52 0.52 0.52 0.56 0.82 0.74 0.55 0.00 0.84 0.56 0.54 0.53 0.89 0.62 0.73 0.60 0.25 0.64 0.62 0.57 0.74 0.98 0.56 0.81
oppssum 0.84 0.79 0.80 0.87 0.82 0.83 0.79 0.81 0.86 0.83 0.79 0.78 0.80 0.99 0.82 0.78 0.78 0.81 0.84 0.83 0.78 0.79 0.78 0.81 0.32 0.86 0.78 0.84 0.00 0.82 0.79 0.83 0.88 0.82 0.86 0.83 0.83 0.86 0.84 0.79 0.86 0.99 0.81 0.48
orangatun 0.60 0.22 0.50 0.91 0.18 0.54 0.23 0.51 0.60 0.55 0.34 0.53 0.53 0.99 0.51 0.20 0.18 0.57 0.62 0.50 0.18 0.43 0.22 0.32 0.82 0.73 0.47 0.56 0.82 0.00 0.29 0.55 0.92 0.55 0.70 0.59 0.53 0.62 0.35 0.52 0.72 0.99 0.26 0.81
owl_monkey 0.56 0.29 0.50 0.89 0.28 0.50 0.30 0.53 0.57 0.54 0.22 0.53 0.53 0.98 0.52 0.28 0.28 0.58 0.60 0.48 0.28 0.44 0.29 0.22 0.80 0.70 0.45 0.54 0.79 0.29 0.00 0.52 0.89 0.57 0.70 0.59 0.54 0.61 0.22 0.52 0.69 0.98 0.30 0.80
pig 0.64 0.52 0.48 0.90 0.55 0.54 0.52 0.45 0.61 0.53 0.56 0.54 0.50 0.99 0.58 0.52 0.51 0.63 0.62 0.51 0.51 0.51 0.52 0.53 0.83 0.73 0.56 0.53 0.83 0.55 0.52 0.00 0.89 0.62 0.72 0.60 0.47 0.67 0.56 0.56 0.72 0.99 0.57 0.82
platypus 0.92 0.90 0.89 0.93 0.92 0.90 0.90 0.90 0.93 0.89 0.90 0.89 0.89 0.97 0.90 0.91 0.90 0.93 0.93 0.91 0.91 0.89 0.90 0.90 0.87 0.91 0.90 0.89 0.88 0.92 0.89 0.89 0.00 0.90 0.91 0.91 0.90 0.91 0.92 0.91 0.91 0.98 0.91 0.89
rabbit 0.65 0.56 0.58 0.91 0.54 0.57 0.56 0.61 0.66 0.62 0.58 0.59 0.60 0.99 0.61 0.56 0.56 0.63 0.68 0.57 0.56 0.55 0.56 0.59 0.81 0.73 0.56 0.62 0.82 0.55 0.57 0.62 0.90 0.00 0.72 0.65 0.62 0.65 0.61 0.59 0.70 0.99 0.57 0.82
rat 0.74 0.68 0.70 0.93 0.70 0.67 0.68 0.71 0.77 0.73 0.70 0.71 0.72 0.99 0.72 0.69 0.68 0.73 0.78 0.70 0.68 0.69 0.68 0.70 0.85 0.42 0.70 0.73 0.86 0.70 0.70 0.72 0.91 0.72 0.00 0.74 0.72 0.75 0.73 0.67 0.77 0.98 0.69 0.87
rfbat 0.64 0.57 0.56 0.90 0.58 0.55 0.58 0.59 0.57 0.60 0.58 0.61 0.59 0.98 0.62 0.58 0.58 0.66 0.68 0.54 0.58 0.56 0.57 0.60 0.82 0.74 0.58 0.60 0.83 0.59 0.59 0.60 0.91 0.65 0.74 0.00 0.59 0.67 0.61 0.61 0.72 0.98 0.59 0.84
sheep 0.62 0.53 0.51 0.90 0.54 0.50 0.53 0.22 0.57 0.55 0.55 0.57 0.53 0.98 0.59 0.53 0.53 0.64 0.62 0.51 0.52 0.52 0.53 0.55 0.80 0.73 0.55 0.25 0.83 0.53 0.54 0.47 0.90 0.62 0.72 0.59 0.00 0.63 0.56 0.56 0.71 0.99 0.54 0.81
shrew 0.68 0.60 0.60 0.91 0.62 0.61 0.60 0.63 0.66 0.63 0.63 0.63 0.62 0.99 0.66 0.61 0.60 0.68 0.66 0.61 0.60 0.60 0.60 0.64 0.85 0.77 0.63 0.64 0.86 0.62 0.61 0.67 0.91 0.65 0.75 0.67 0.63 0.00 0.66 0.64 0.74 0.99 0.63 0.85
squirrel_monkey 0.62 0.31 0.53 0.91 0.35 0.60 0.31 0.55 0.64 0.57 0.29 0.56 0.56 0.99 0.54 0.31 0.30 0.60 0.63 0.55 0.30 0.46 0.31 0.24 0.85 0.75 0.50 0.62 0.84 0.35 0.22 0.56 0.92 0.61 0.73 0.61 0.56 0.66 0.00 0.55 0.74 0.99 0.34 0.83
st_squirrel 0.59 0.52 0.53 0.89 0.52 0.52 0.53 0.56 0.61 0.58 0.51 0.57 0.55 0.99 0.56 0.52 0.51 0.59 0.63 0.53 0.51 0.50 0.52 0.54 0.78 0.69 0.52 0.57 0.79 0.52 0.52 0.56 0.91 0.59 0.67 0.61 0.56 0.64 0.55 0.00 0.69 0.98 0.53 0.80
tenrec 0.75 0.68 0.67 0.92 0.71 0.67 0.68 0.70 0.74 0.72 0.71 0.61 0.69 0.98 0.69 0.69 0.68 0.75 0.78 0.71 0.67 0.67 0.68 0.70 0.85 0.79 0.69 0.74 0.86 0.72 0.69 0.72 0.91 0.70 0.77 0.72 0.71 0.74 0.74 0.69 0.00 0.98 0.73 0.87
tetra 0.99 0.98 0.99 0.98 0.99 0.99 0.98 0.99 0.98 0.99 0.99 0.98 0.98 0.52 0.98 0.98 0.98 0.98 0.99 0.99 0.98 0.98 0.98 0.98 0.99 0.98 0.98 0.98 0.99 0.99 0.98 0.99 0.98 0.99 0.98 0.98 0.99 0.99 0.99 0.98 0.98 0.00 0.99 0.99
vervet 0.57 0.16 0.51 0.90 0.27 0.55 0.18 0.52 0.58 0.58 0.34 0.54 0.54 0.99 0.52 0.24 0.23 0.59 0.62 0.50 0.23 0.44 0.16 0.34 0.80 0.71 0.47 0.56 0.81 0.26 0.30 0.57 0.91 0.57 0.69 0.59 0.54 0.63 0.34 0.53 0.73 0.99 0.00 0.81
wallaby 0.81 0.79 0.81 0.88 0.81 0.82 0.79 0.80 0.84 0.82 0.81 0.81 0.80 0.99 0.82 0.79 0.79 0.83 0.85 0.82 0.79 0.80 0.79 0.81 0.46 0.88 0.81 0.81 0.48 0.81 0.80 0.82 0.89 0.82 0.87 0.84 0.81 0.85 0.83 0.80 0.87 0.99 0.81 0.00

